00101010001111100010100010011010011010111111110000110001000011110110100011111001110000011001110100011000110111100001110010011101010011001011110100101000000000011100110101010011011101010000101000010101010101011010101111011010101011110011011000110100101110001000010100010110111000011010000000100000111100101001110010100110011000101100000011111100000110111000001110010101011111110111101001111001010011010010011101111000010100100001011011101111001111100101000011110101011111011101111110000000000100000100101101000111
01110101011001110011110001001101011011101101100110010000000000111000001101100111100011100111111001100001110110001000000101111000001111001110101110010100011100010011110000100111000110100000101110111110110000101111001101111011110011000110001001111111111000001101110011000110110111010100011011001001010001110110001000100100000111010000101110001110011000001101011110000011011100111101110100001010010100011111001111011100011011101100111100110011100101111100001000111011010111100110001010101011111101011101100110000010
00110110010011011001100100011110000010000111010011001001110111000110001010010011110010001000111100001001011011001001110001101110111101001111110100101011100111011010101100011001010110100100110001101001011110101101010111000101010001111110111000111011010100010000010110110000001010011001101010001001000110001111001100111011110010001001110111011110001100001001101110000001100010101100101000010011101100110100010100001000110000110111011011111001110000010100001011101110110111010100001001000001011100000010101000010000
00101000000110101010111001110000001101001110100000101111110110001111011001010000000111110011011001001111001001110111011110100111000110010101100001100100110110011101100000111111100100111101110000111100101101000110101111011001111010001111010100010111010100110110011000111100010000100001001011101000000010100011101111001111010101010000001010011100010101101101000010011101101011100111011000001111110110111010011001001111011000100001110111101110011001100100001100001001000001100000110000010011111000000001001111100001
10001110100111001011011100011000011111000011110000101101011101100111000100010011101001101011100011000110100010101010001011000101001001100011101110101001010001010111110000100111110000010010001010111010100100111011101010000111010101111011000111110001110010000101000111101110111110000111011000000010100010001001010010010111110000100000001011010001001101011110000101010000010101101100111001100010101101111110010110010001010110001000110100011001100010101001110010111111011000110111100111011000011001010000000111011000
01110111000011110000001110101001110011101011011011011011001111100010111110100001101110110001001011000111001100000111100110100111000101101111110110110011100011010100100110101011001010110000111011011111000101101110100101000111010000111111000110011101000001000011000101101100101001100110001100100010011000001001001110011101101000101011110011000001110001110110001000000000000101000100010000000010101011001100000010111000010001111010010100010101100011110001010111001001010111010000010001110000110000101101001100110010
00110000010110110001010001100111101011001011001010001010010110001001110010010010101000011101010101100010101010011011010001111110110110010010111110001100001010100111001001011101011100001011111100111011011101111110101001101010011001100011010100000111111111010000011101111001010111101000001001110100011010001001110010100110001000000100110111001011111100111110101110011000100110101110100001100001000100011101100101101101001001001010111000010110010011011110111010010011110010111111001101100000101100100011000000101010
10110001000110010011000100000100101010001010000111101010000100010100001111010000000111000100001101100010100010001000100010001000000100001100010011010100011001011111010111110011100101101110101010110010101100111010110000010110011011101101101100010011010110110010001100111001100011010110101011100100010001000010100100101011011001100001010100010001111000100010001110001011000011010010010110100101001101110101010011110000000111010010100001011011010100011000110010001100000011111010011100110011100101111111100111010111
01000110100100010110010001111101111001100001110101000000011000100111010000111001011111001011111110101101101111000001111100001101001111100111101100111100001110100100101100001011101111101111101011000001111001101101100111010100111101011010101010110100100000110100110010000101110100000001110100101001001111011000010111111111011001010111011010110010001101010100001001101111111111001000000011110011001000011101011001110110101001001101100010111100100000100001100101111101110011010110111001100000000110000111101101010110
10010000001010000011011111010000010011011000110101001111000001010111000001011100010011101000100100010101001000111011001100111100110000011001101000100001000101010010001101010111110010111000010010001001111000101011011001000100100010111001011110101001001100000010111110010010111001001011101101111001000100100010010011010110101011010110001110001101011101001100010110101111111110010001110000000000010000010100001110111000011000001010110011100010010011010000011111110101110011011010111010010101100101011110010001111000
